The number of vertices in the graph is: 26
The number of edges in the graph is: 27
Wiener Index: 1821.0
First Zagreb Co Index: 1222
Second Zagreb Co Index: 1246
Forgotten_topological_index (FT): 330
Degree Distance Index: 7234
Gutman Index: 14286
Eccentric Distance Sum (EDS): 43445.000
Total eccentricity index  (TEI): 299.000
Table 2: Decision Matrix (Data):
[[   4100    2892    3150     606   17328   36472   92628     416]
 [    262     252     242     152     982    1816    3128      75]
 [   1313     944     967     282    5180   10134   27478     230]
 [  47828   17340   18355    1384  198814  412776 2163428    2028]
 [    307     300     288     166    1150    2128    3883      85]
 [   3650    2072    2173     436   14999   30670  104752     457]
 [   4392    3048    3313     614   18507   38834   99740     429]
 [   1821    1222    1246     330    7234   14286   43445     299]]
Entropy details:

Table 3: Normalized Decision Matrix (N, entropy):
[[0.06439 0.10303 0.10594 0.15264 0.06559 0.06666 0.03649 0.10351]
 [0.00411 0.00898 0.00814 0.03829 0.00372 0.00332 0.00123 0.01866]
 [0.02062 0.03363 0.03252 0.07103 0.01961 0.01852 0.01082 0.05723]
 [0.75115 0.61774 0.61731 0.34861 0.75253 0.75446 0.85225 0.5046 ]
 [0.00482 0.01069 0.00969 0.04181 0.00435 0.00389 0.00153 0.02115]
 [0.05732 0.07382 0.07308 0.10982 0.05677 0.05606 0.04127 0.11371]
 [0.06898 0.10859 0.11142 0.15466 0.07005 0.07098 0.03929 0.10674]
 [0.0286  0.04353 0.0419  0.08312 0.02738 0.02611 0.01711 0.0744 ]]
Entropy values:
[0.79363 0.16893 0.41216 1.00295 0.18688 0.71808 0.8169  0.49745]
Divergence d_j:
[ 0.20637  0.83107  0.58784 -0.00295  0.81312  0.28192  0.1831   0.50255]

Attribute Weights:
[ 0.06064  0.24422  0.17274 -0.00087  0.23894  0.08285  0.0538   0.14768]
1.0
TOPSIS Method
Square Sum: [   2342142651     325160676     365155536       3088868   40476195210
  174477575408 4712589077254       4833881]
Square Root: [  48395.68835   18032.21218   19109.0433     1757.51757  201186.96581
  417705.12974 2170849.85138    2198.60888]

Table 3: Normalized Decision Matrix (N):
[[0.08472 0.16038 0.16484 0.3448  0.08613 0.08732 0.04267 0.18921]
 [0.00541 0.01397 0.01266 0.08649 0.00488 0.00435 0.00144 0.03411]
 [0.02713 0.05235 0.0506  0.16045 0.02575 0.02426 0.01266 0.10461]
 [0.98827 0.96161 0.96054 0.78747 0.98821 0.9882  0.99658 0.9224 ]
 [0.00634 0.01664 0.01507 0.09445 0.00572 0.00509 0.00179 0.03866]
 [0.07542 0.11491 0.11372 0.24808 0.07455 0.07343 0.04825 0.20786]
 [0.09075 0.16903 0.17337 0.34936 0.09199 0.09297 0.04595 0.19512]
 [0.03763 0.06777 0.0652  0.18776 0.03596 0.0342  0.02001 0.136  ]]
Table 4: Weights Matrix:
E_j:
[0.98134 0.25451 0.56399 0.18154 0.27884 0.91116 1.00517 0.66485]
d_j values topsis:
[ 0.01866  0.74549  0.43601  0.81846  0.72116  0.08884 -0.00517  0.33515]

Weights TOPSIS:
[ 0.00591  0.23602  0.13804  0.25912  0.22832  0.02813 -0.00164  0.10611]
1.0
Table 3, 4: as initial
Weighted Normalized Evaluation Matrix (WNM):
[[ 0.00038  0.02432  0.01462  0.03955  0.01497  0.00188 -0.00006  0.01098]
 [ 0.00002  0.00212  0.00112  0.00992  0.00085  0.00009 -0.       0.00198]
 [ 0.00012  0.00794  0.00449  0.01841  0.00448  0.00052 -0.00002  0.00607]
 [ 0.00444  0.1458   0.08521  0.09033  0.17181  0.02122 -0.00139  0.05354]
 [ 0.00003  0.00252  0.00134  0.01083  0.00099  0.00011 -0.       0.00224]
 [ 0.00034  0.01742  0.01009  0.02846  0.01296  0.00158 -0.00007  0.01207]
 [ 0.00041  0.02563  0.01538  0.04008  0.01599  0.002   -0.00006  0.01133]
 [ 0.00017  0.01027  0.00578  0.02154  0.00625  0.00073 -0.00003  0.00789]]
Table 5: max, min values:
Ideal Alternative: [ 0.00444  0.1458   0.08521  0.09033  0.17181  0.02122 -0.00139  0.05354]
Anti-Ideal Alternative: [ 0.00002  0.00212  0.00112  0.00992  0.00085  0.00009 -0.       0.00198]
distance_positive: [0.22163 0.25794 0.24779 0.00139 0.25721 0.23089 0.21975 0.2436 ]
distance_negative: [0.04288 0.00139 0.01221 0.25794 0.00175 0.03018 0.04458 0.01702]
Oi:
[0.16211 0.00537 0.04698 0.99463 0.00677 0.11559 0.16866 0.06531]
Table 6:
[3 8 6 1 7 4 2 5]
Table 7: Topsis Rank Matrix:
[[0.22163 0.04288 0.16211 3.     ]
 [0.25794 0.00139 0.00537 8.     ]
 [0.24779 0.01221 0.04698 6.     ]
 [0.00139 0.25794 0.99463 1.     ]
 [0.25721 0.00175 0.00677 7.     ]
 [0.23089 0.03018 0.11559 4.     ]
 [0.21975 0.04458 0.16866 2.     ]
 [0.2436  0.01702 0.06531 5.     ]]
COPRAS Method:
Table 9, 10: as initial
Weighted Normalized Evaluation Matrix (WNM):
[[ 0.0039   0.02516  0.0183  -0.00013  0.01567  0.00552  0.00196  0.01529]
 [ 0.00025  0.00219  0.00141 -0.00003  0.00089  0.00027  0.00007  0.00276]
 [ 0.00125  0.00821  0.00562 -0.00006  0.00468  0.00153  0.00058  0.00845]
 [ 0.04555  0.15086  0.10663 -0.0003   0.17981  0.0625   0.04585  0.07452]
 [ 0.00029  0.00261  0.00167 -0.00004  0.00104  0.00032  0.00008  0.00312]
 [ 0.00348  0.01803  0.01262 -0.0001   0.01357  0.00464  0.00222  0.01679]
 [ 0.00418  0.02652  0.01925 -0.00013  0.01674  0.00588  0.00211  0.01576]
 [ 0.00173  0.01063  0.00724 -0.00007  0.00654  0.00216  0.00092  0.01099]]
Column Sums:
[ 0.06064  0.24422  0.17274 -0.00087  0.23894  0.08285  0.0538   0.14768]
Beneficial rows sum
[0.04523 0.00285 0.01361 0.44005 0.00337 0.03644 0.04803 0.01853]
Table 11: Weighted Benef. non-benf. criteria Matrix:
[[0.04523 0.02516]
 [0.00285 0.00219]
 [0.01361 0.00821]
 [0.44005 0.15086]
 [0.00337 0.00261]
 [0.03644 0.01803]
 [0.04803 0.02652]
 [0.01853 0.01063]]
ratios: [0.08714 1.      0.26695 0.01453 0.84    0.12162 0.08268 0.20622]
Table 12: combine matrix:
[[0.04523 0.02516 0.08714]
 [0.00285 0.00219 1.     ]
 [0.01361 0.00821 0.26695]
 [0.44005 0.15086 0.01453]
 [0.00337 0.00261 0.84   ]
 [0.03644 0.01803 0.12162]
 [0.04803 0.02652 0.08268]
 [0.01853 0.01063 0.20622]]
Qi:
[0.05336 0.09609 0.0385  0.44141 0.0817  0.04778 0.05574 0.03776]
Table 13: Ui Rank Matrix:
[[  0.05336  12.08753   5.     ]
 [  0.09609  21.76997   2.     ]
 [  0.0385    8.72202   7.     ]
 [  0.44141 100.        1.     ]
 [  0.0817   18.50845   3.     ]
 [  0.04778  10.82341   6.     ]
 [  0.05574  12.62721   4.     ]
 [  0.03776   8.55356   8.     ]]
Time taken to generate connections: 9.76233196258545 seconds
